[array([[0.3970425 , 0.48652247, 0.2762393 ],
       [0.39480305, 0.48202807, 0.39658302],
       [0.39625293, 0.49247536, 0.41721693],
       [0.40801796, 0.43762565, 0.43369102],
       [0.39755732, 0.50404096, 0.49908116],
       [0.43030697, 0.3880555 , 0.42192003],
       [0.42181525, 0.5203219 , 0.4641457 ],
       [0.45091733, 0.33496386, 0.24923718],
       [0.44414485, 0.633655  , 0.4508385 ],
       [0.44731843, 0.33830276, 0.2181611 ],
       [0.44231218, 0.6296317 , 0.3556628 ],
       [0.55038637, 0.4305825 , 0.5319617 ],
       [0.54725486, 0.51564485, 0.5933467 ],
       [0.64982057, 0.452653  , 0.5097557 ],
       [0.6463057 , 0.50601536, 0.4034136 ],
       [0.7439589 , 0.48165095, 0.3624728 ],
       [0.7407889 , 0.49771085, 0.4535816 ]], dtype=float32), array([[0.40088555, 0.48725992, 0.54700935],
       [0.39267147, 0.5012401 , 0.66813624],
       [0.39218405, 0.47436988, 0.62652606],
       [0.40051726, 0.52027816, 0.7633807 ],
       [0.39907914, 0.45478475, 0.6701529 ],
       [0.44484186, 0.5680195 , 0.91570204],
       [0.44596255, 0.40469983, 0.9519622 ],
       [0.4555687 , 0.6863781 , 0.7421676 ],
       [0.46399936, 0.2969752 , 0.72955   ],
       [0.45134935, 0.81164855, 0.7097413 ],
       [0.4622546 , 0.1726155 , 0.7078047 ],
       [0.5737548 , 0.5291252 , 0.91423875],
       [0.5750595 , 0.4491763 , 0.93176454],
       [0.6765427 , 0.5259037 , 0.7326658 ],
       [0.67667127, 0.44222692, 0.85353553],
       [0.7467883 , 0.52757144, 0.82823575],
       [0.7456671 , 0.45276892, 0.79635787]], dtype=float32), array([[0.40133157, 0.4878907 , 0.5991146 ],
       [0.39325613, 0.50174576, 0.7111908 ],
       [0.39273188, 0.47541353, 0.66977894],
       [0.40090165, 0.51972944, 0.7903131 ],
       [0.39898318, 0.45478025, 0.64833915],
       [0.44499472, 0.56641555, 0.9168837 ],
       [0.4462973 , 0.40235227, 0.9519692 ],
       [0.4549099 , 0.685914  , 0.76594704],
       [0.4649772 , 0.29611948, 0.73220885],
       [0.45029   , 0.8119082 , 0.71263933],
       [0.4627247 , 0.16984165, 0.74049187],
       [0.57438266, 0.5281516 , 0.90914154],
       [0.5760712 , 0.44956684, 0.9265183 ],
       [0.67709976, 0.5243003 , 0.692539  ],
       [0.6758593 , 0.4447288 , 0.95943314],
       [0.74733365, 0.5275495 , 0.81176853],
       [0.7471963 , 0.45302686, 0.7867952 ]], dtype=float32), array([[0.40199444, 0.48724642, 0.6030409 ],
       [0.39367944, 0.50085014, 0.7104778 ],
       [0.39336672, 0.47418454, 0.6595838 ],
       [0.40107587, 0.51950794, 0.77712125],
       [0.40004775, 0.45390803, 0.66045725],
       [0.44539505, 0.5673789 , 0.91612184],
       [0.44661322, 0.40390244, 0.9502058 ],
       [0.4561502 , 0.6852444 , 0.7214117 ],
       [0.46470386, 0.29231274, 0.7299148 ],
       [0.45151338, 0.81150794, 0.7066983 ],
       [0.46271974, 0.17036884, 0.73716915],
       [0.5742068 , 0.529589  , 0.9029179 ],
       [0.5750416 , 0.4506755 , 0.92134976],
       [0.67797714, 0.52547127, 0.7103074 ],
       [0.6775508 , 0.4413255 , 0.84035534],
       [0.7483985 , 0.52615714, 0.7796544 ],
       [0.74786353, 0.45075744, 0.83077043]], dtype=float32), array([[0.4027184 , 0.48697153, 0.6487682 ],
       [0.39425433, 0.500829  , 0.69840264],
       [0.3939873 , 0.4736666 , 0.6537833 ],
       [0.4010697 , 0.51947975, 0.7741283 ],
       [0.39986837, 0.4527909 , 0.6773443 ],
       [0.44563574, 0.56683326, 0.9183646 ],
       [0.44687307, 0.40210363, 0.9478817 ],
       [0.45552838, 0.6849666 , 0.74182963],
       [0.46467814, 0.291705  , 0.7125653 ],
       [0.45084378, 0.81004876, 0.71250355],
       [0.46267867, 0.16944192, 0.70103854],
       [0.57456625, 0.5295181 , 0.91020447],
       [0.5756604 , 0.44998974, 0.9285594 ],
       [0.6783727 , 0.52553946, 0.7044139 ],
       [0.67825395, 0.44192818, 0.8525293 ],
       [0.74987125, 0.52458197, 0.7786702 ],
       [0.74801713, 0.45240974, 0.7905041 ]], dtype=float32)]